D = 5
Modes:
A0 =
[
    0.8557    0.0762    0.0035    0.0001    0.0000;
    0.0762    0.7831    0.0728    0.0034    0.0001;
    0.0035    0.0728    0.7830    0.0728    0.0035;
    0.0001    0.0034    0.0728    0.7831    0.0762;
    0.0000    0.0001    0.0035    0.0762    0.8557;
]

B0 =
[
    2.6021
    3.0739
    3.0950
    3.0956
    3.0957
]

A2 =
[
    0.8557    0.0762    0.0035    0.0001    0.0000;
    0.0762    0.7831    0.0728    0.0034    0.0001;
    0.0035    0.0728    0.7830    0.0728    0.0035;
    0.0001    0.0034    0.0728    0.7831    0.0762;
    0.0000    0.0001    0.0035    0.0762    0.8557;
]

B2 =
[
   10.0149
    3.7167
   10.1912
    3.4124
    3.1055
]

A3 =
[
    0.8557    0.0762    0.0035    0.0001    0.0000;
    0.0762    0.7831    0.0728    0.0034    0.0001;
    0.0035    0.0728    0.7830    0.0728    0.0035;
    0.0001    0.0034    0.0728    0.7831    0.0762;
    0.0000    0.0001    0.0035    0.0762    0.8557;
]

B3 =
[
   10.0053
    3.4097
    3.4214
   10.1824
    3.4219
]


A7 =
[
    0.8557    0.0762    0.0035    0.0001    0.0000;
    0.0762    0.7831    0.0728    0.0034    0.0001;
    0.0035    0.0728    0.7830    0.0728    0.0035;
    0.0001    0.0034    0.0728    0.7831    0.0762;
    0.0000    0.0001    0.0035    0.0762    0.8557;
]

B7 =
[
    2.9283
   10.1607
    3.4214
    3.4315
   10.4988
]

A9 =
[
    0.8557    0.0762    0.0035    0.0001    0.0000;
    0.0762    0.7831    0.0728    0.0034    0.0001;
    0.0035    0.0728    0.7830    0.0728    0.0035;
    0.0001    0.0034    0.0728    0.7831    0.0762;
    0.0000    0.0001    0.0035    0.0762    0.8557;
]

B9 =
[
    2.6120
    3.3907
   10.1912
    3.7384
   10.5084
]

A11 =
[
    0.8557    0.0762    0.0035    0.0001    0.0000;
    0.0762    0.7831    0.0728    0.0034    0.0001;
    0.0035    0.0728    0.7830    0.0728    0.0035;
    0.0001    0.0034    0.0728    0.7831    0.0762;
    0.0000    0.0001    0.0035    0.0762    0.8557;
]

B11 =
[
   10.0050
    3.4001
    3.1049
    3.0959
    3.0957
]

A12 =
[
    0.8557    0.0762    0.0035    0.0001    0.0000;
    0.0762    0.7831    0.0728    0.0034    0.0001;
    0.0035    0.0728    0.7830    0.0728    0.0035;
    0.0001    0.0034    0.0728    0.7831    0.0762;
    0.0000    0.0001    0.0035    0.0762    0.8557;
]

B12 =
[
    2.9283
   10.1605
    3.4116
    3.1053
    3.0959
]

A13 =
[
    0.8557    0.0762    0.0035    0.0001    0.0000;
    0.0762    0.7831    0.0728    0.0034    0.0001;
    0.0035    0.0728    0.7830    0.0728    0.0035;
    0.0001    0.0034    0.0728    0.7831    0.0762;
    0.0000    0.0001    0.0035    0.0762    0.8557;
]

B13 =
[
    2.6120
    3.3905
   10.1813
    3.4122
    3.1055
]

A14 =
[
    0.8557    0.0762    0.0035    0.0001    0.0000;
    0.0762    0.7831    0.0728    0.0034    0.0001;
    0.0035    0.0728    0.7830    0.0728    0.0035;
    0.0001    0.0034    0.0728    0.7831    0.0762;
    0.0000    0.0001    0.0035    0.0762    0.8557;
]

B14 =
[
    2.6024
    3.0836
    3.4116
   10.1822
    3.4218
]

A15 =
[
    0.8557    0.0762    0.0035    0.0001    0.0000;
    0.0762    0.7831    0.0728    0.0034    0.0001;
    0.0035    0.0728    0.7830    0.0728    0.0035;
    0.0001    0.0034    0.0728    0.7831    0.0762;
    0.0000    0.0001    0.0035    0.0762    0.8557;
]

B15 =
[
    2.6021
    3.0741
    3.1049
    3.4218
   10.4986
]
Safe_Region:
[
1	0	0   0   0	;
-1	0	0	0   0	;
0	1	0	0   0	;
0	-1	0	0   0	;
0	0	1	0   0	;
0	0	-1	0   0	;
0	0	0	1   0   ;
0	0	0	-1	0   ;
0	0	0	0   1   ;
0	0	0	0   -1  ;
]
[65 -55 70 -60 70 -60 70 -60 75 -60]

Disturbance:
[
1	0	0   0   0	;
-1	0	0	0   0	;
0	1	0	0   0	;
0	-1	0	0   0	;
0	0	1	0   0	;
0	0	-1	0   0	;
0	0	0	1   0   ;
0	0	0	-1	0   ;
0	0	0	0   1   ;
0	0	0	0   -1  ;
]
[0.1 0.1 0.1 0.1 0.1 0.1 0.1 0.1 0.1 0.1]
Partition_Modes:
[A11 A12 A13 A14 A15]
